
407
34
802
155
401
791
998
407
453
717
866
331
266
598
548
308
713
596
231
796
753
583
484
859
207
889
939
944
73
739
946
27
149
42
26
252
842
980
252
657
127
599
237
452
922
984
222
854
613
154
342
398
569
196
406
144
230
511
514
976
415
290
415
727
868
732
178
925
138
775
650
23
952
401
398
343
913
477
42
211
538
299
590
911
3
417
268
505
31
177
445
24
928
496
921
694
830
321
334
672
626
522
15
483
208
602
527
778
806
716
566
925
803
660
328
834
324
712
601
255
316
995
259
81
531
828
118
0
205
40
470
38
762
982
690
810
856
718
727
507
826
145
503
971
186
269
282
925
140
352
608
223
294
502
514
646
960
811
656
388
958
18
888
49
861
669
305
43
819
151
921
524
476
257
979
796
316
392
361
380
394
304
404
854
327
613
883
324
578
212
913
357
80
657
859
620
392
979
536
300
520
522
803
532
454
404
650
548
668
162
260
572
989
616
820
808
577
335
679
918
596
552
749
529
125
883
377
852
787
324
311
916
837
673
774
328
699
977
907
681
421
245
571
378
935
177
849
765
12
53
762
853
90
900
800
458
762
896
947
844
339
390
178
861
689
430
1
560
570
294
565
124
185
136
239
169
120
691
49
925
945
103
865
624
86
317
875
97
758
162
272
53
936
221
567
261
352
924
727
999
459
0
315
81
83
272
907
837
534
13
895
711
90
226
4
109
603
188
350
563
39
834
892
207
328
208
452
799
706
507
882
867
781
344
980
766
481
681
604
174
798
689
555
591
86
550
553
679
254
657
494
468
755
493
629
61
331
60
440
840
373
117
603
639
528
264
358
523
263
779
878
986
298
415
460
682
749
211
526
407
537
502
448
339
406
939
98
72
919
984
652
894
489
350
434
259
70
133
673
686
559
693
925
20
415
997
364
401
955
820
464
838
83
870
645
430
33
673
378
939
269
146
870
902
497
766
330
822
593
990
667
257
570
329
743
550
726
536
980
532
262
862
154
165
916
7
102
170
877
984
204
299
405
672
99
897
892
69
611
390
458
284
987
170
701
768
640
71
833
730
948
776
990
576
325
136
484
988
420
316
500
940
975
31
674
983
83
212
154
29
71
249
834
886
309
393
170
307
169
57
948
267
374
820
818
907
864
338
960
53
485
959
707
146
85
421
627
601
538
673
386
385
975
473
314
969
831
132
69
370
180
58
423
606
865
486
300
475
324
998
620
879
399
560
743
421
13
249
413
65
965
557
674
473
989
224
666
408
788
511
906
839
197
671
997
339
665
941
978
635
960
173
475
773
207
823
918
217
593
196
648
158
780
163
790
764
520
514
322
436
898
335
159
408
117
505
946
554
521
988
488
988
348
516
763
2
175
453
369
812
863
781
426
706
137
610
829
811
763
630
774
802
296
335
971
127
197
789
102
755
341
114
803
539
234
735
917
916
753
57
311
93
883
4
173
680
708
536
578
118
547
254
871
433
138
505
791
113
368
244
912
357
585
166
846
932
349
406
400
355
258
696
646
664
125
454
890
360
728
516
978
888
972
703
14
511
32
358
404
535
529
491
595
22
440
368
402
840
995
884
784
226
808
744
81
447
68
417
687
147
79
978
842
34
430
171
486
511
580
618
269
847
571
451
137
495
357
453
98
995
359
829
922
75
305
996
62
220
667
987
258
152
534
681
147
887
760
94
58
836
758
187
326
754
664
387
49
980
132
684
822
287
296
23
57
884
22
798
977
523
18
578
718
61
989
703
584
383
855
202
518
907
24
92
124
576
516
315
194
938
649
650
440
733
697
490
654
399
312
12
331
552
919
576
131
742
841
132
645
470
921
176
918
111
336
259
106
117
517
430
169
805
653
124
897
908
828
720
678
28
804
112
903
196
846
474
134
920
520
669
311
628
672
347
896
835
505
162
975
315
916
534
422
830
923
480
364
81
834
239
317
396
6
251
447
302
208
993
215
142
609
143
977
899
554
643
198
379
233
337
66
864
509
850
636
64
42
833
844
203
123
809
61
985
59
453
719
688
864
1000
563
478
673
576
862
289
290
478
801
697
968
743
655
525
56
456
992
375
783
673
998
58
752
404
141
553
122
406
747
153
69
561
341
600
442
139
73
879
994
206
928
5
805
452
419
968
200
808
461
567
159
698
722
742
696
173
882
628
461
374
378
11
928
855
146
599
933
516
299
163
753
235
885
597
502
512
837
149
421
487
379
814
196
354
251
735
275
149
315
290
16
94
811
245
493
174
893
643
689
472